47. 220. 101 \040 
47. 221. 101 \040 
47. 222. 101 \040 
47. 223. 101 \040 
47. 224. 101 \040 
47. 225. 101 \040 
47. 226. 101 \040 
47. 227. 101 \040 
47. 228. 101 \040 
47. 229. 101 \040 
47. 230. 101 \040 
48. 230. 101 \040 
48. 229. 101 \040 
48. 228. 101 \040 
48. 227. 101 \040 
48. 226. 101 \040 
48. 225. 101 \040 
48. 224. 101 \040 
48. 223. 101 \040 
48. 222. 101 \040 
48. 221. 101 \040 
48. 220. 101 \040 
49. 220. 101 \040 
49. 221. 101 \040 
49. 222. 101 \040 
49. 223. 101 \040 
49. 224. 101 \040 
49. 225. 101 \040 
49. 226. 101 \040 
49. 227. 101 \040 
49. 228. 101 \040 
49. 229. 101 \040 
49. 230. 101 \040 
50. 230. 101 \040 
50. 229. 101 \040 
50. 228. 101 \040 
50. 227. 101 \040 
50. 226. 101 \040 
50. 225. 101 \040 
50. 224. 101 \040 
50. 223. 101 \040 
50. 222. 101 \040 
50. 221. 101 \040 
50. 220. 101 \040 
51. 220. 101 \040 
51. 221. 101 \040 
51. 222. 101 \040 
51. 223. 101 \040 
51. 224. 101 \040 
51. 225. 101 \040 
51. 226. 101 \040 
51. 227. 101 \040 
51. 228. 101 \040 
51. 229. 101 \040 
51. 230. 101 \040 
52. 230. 101 \040 
52. 229. 101 \040 
52. 228. 101 \040 
52. 227. 101 \040 
52. 226. 101 \040 
52. 225. 101 \040 
52. 224. 101 \040 
52. 223. 101 \040 
52. 222. 101 \040 
52. 221. 101 \040 
52. 220. 101 \040 
53. 220. 101 \040 
53. 221. 101 \040 
53. 222. 101 \040 
53. 223. 101 \040 
53. 224. 101 \040 
53. 225. 101 \040 
53. 226. 101 \040 
53. 227. 101 \040 
53. 228. 101 \040 
53. 229. 101 \040 
53. 230. 101 \040 
54. 230. 101 \040 
54. 229. 101 \040 
54. 228. 101 \040 
54. 227. 101 \040 
54. 226. 101 \040 
54. 225. 101 \040 
54. 224. 101 \040 
54. 223. 101 \040 
54. 222. 101 \040 
54. 221. 101 \040 
54. 220. 101 \040 
55. 220. 101 \040 
55. 221. 101 \040 
55. 222. 101 \040 
55. 223. 101 \040 
55. 224. 101 \040 
55. 225. 101 \040 
55. 226. 101 \040 
55. 227. 101 \040 
55. 228. 101 \040 
55. 229. 101 \040 
55. 230. 101 \040 
56. 230. 101 \040 
56. 229. 101 \040 
56. 228. 101 \040 
56. 227. 101 \040 
56. 226. 101 \040 
56. 225. 101 \040 
56. 224. 101 \040 
56. 223. 101 \040 
56. 222. 101 \040 
56. 221. 101 \040 
56. 220. 101 \040 
57. 220. 101 \040 
57. 221. 101 \040 
57. 222. 101 \040 
57. 223. 101 \040 
57. 224. 101 \040 
57. 225. 101 \040 
57. 226. 101 \040 
57. 227. 101 \040 
57. 228. 101 \040 
57. 229. 101 \040 
57. 230. 101 \040 
35. 231. 101 \040 
35. 232. 101 \040 
35. 233. 101 \040 
35. 234. 101 \040 
35. 235. 101 \040 
35. 236. 101 \040 
35. 237. 101 \040 
35. 238. 101 \040 
35. 239. 101 \040 
35. 240. 101 \040 
35. 241. 101 \040 
36. 241. 101 \040 
36. 240. 101 \040 
36. 239. 101 \040 
36. 238. 101 \040 
36. 237. 101 \040 
36. 236. 101 \040 
36. 235. 101 \040 
36. 234. 101 \040 
36. 233. 101 \040 
36. 232. 101 \040 
36. 231. 101 \040 
37. 231. 101 \040 
37. 232. 101 \040 
37. 233. 101 \040 
37. 234. 101 \040 
37. 235. 101 \040 
37. 236. 101 \040 
37. 237. 101 \040 
37. 238. 101 \040 
37. 239. 101 \040 
37. 240. 101 \040 
38. 240. 101 \040 
38. 239. 101 \040 
38. 238. 101 \040 
38. 237. 101 \040 
38. 236. 101 \040 
38. 235. 101 \040 
38. 234. 101 \040 
38. 233. 101 \040 
38. 232. 101 \040 
38. 231. 101 \040 
39. 231. 101 \040 
39. 232. 101 \040 
39. 233. 101 \040 
39. 234. 101 \040 
39. 235. 101 \040 
39. 236. 101 \040 
39. 237. 101 \040 
39. 238. 101 \040 
39. 239. 101 \040 
39. 240. 101 \040 
40. 240. 101 \040 
40. 239. 101 \040 
40. 238. 101 \040 
40. 237. 101 \040 
40. 236. 101 \040 
40. 235. 101 \040 
40. 234. 101 \040 
40. 233. 101 \040 
40. 232. 101 \040 
40. 231. 101 \040 
41. 231. 101 \040 
41. 232. 101 \040 
41. 233. 101 \040 
41. 234. 101 \040 
41. 235. 101 \040 
41. 236. 101 \040 
41. 237. 101 \040 
41. 238. 101 \040 
41. 239. 101 \040 
41. 240. 101 \040 
42. 240. 101 \040 
42. 239. 101 \040 
42. 238. 101 \040 
42. 237. 101 \040 
42. 236. 101 \040 
42. 235. 101 \040 
42. 234. 101 \040 
42. 233. 101 \040 
42. 232. 101 \040 
42. 231. 101 \040 
43. 231. 101 \040 
43. 232. 101 \040 
43. 233. 101 \040 
43. 234. 101 \040 
43. 235. 101 \040 
43. 236. 101 \040 
43. 237. 101 \040 
43. 238. 101 \040 
43. 239. 101 \040 
43. 240. 101 \040 
43. 241. 101 \040 
44. 241. 101 \040 
44. 240. 101 \040 
44. 239. 101 \040 
44. 238. 101 \040 
44. 237. 101 \040 
44. 236. 101 \040 
44. 235. 101 \040 
44. 234. 101 \040 
44. 233. 101 \040 
44. 232. 101 \040 
44. 231. 101 \040 
45. 231. 101 \040 
45. 232. 101 \040 
45. 233. 101 \040 
45. 234. 101 \040 
45. 235. 101 \040 
45. 236. 101 \040 
45. 237. 101 \040 
45. 238. 101 \040 
45. 239. 101 \040 
45. 240. 101 \040 
45. 241. 101 \040 
45. 242. 101 \040 
35. 242. 101 \040 
36. 242. 101 \040 
37. 242. 101 \040 
38. 242. 101 \040 
39. 242. 101 \040 
40. 242. 101 \040 
41. 242. 101 \040 
42. 242. 101 \040 
43. 242. 101 \040 
44. 242. 101 \040 
42. 241. 101 \040 
41. 241. 101 \040 
40. 241. 101 \040 
39. 241. 101 \040 
38. 241. 101 \040 
37. 241. 101 \040 
19. 215. 101 \040 
29. 215. 101 \040 
19. 204. 101 \040 
19. 205. 101 \040 
19. 206. 101 \040 
19. 207. 101 \040 
19. 208. 101 \040 
19. 209. 101 \040 
19. 210. 101 \040 
19. 211. 101 \040 
19. 212. 101 \040 
19. 213. 101 \040 
19. 214. 101 \040 
20. 215. 101 \040 
20. 214. 101 \040 
20. 213. 101 \040 
20. 212. 101 \040 
20. 211. 101 \040 
20. 210. 101 \040 
20. 209. 101 \040 
20. 208. 101 \040 
20. 207. 101 \040 
20. 206. 101 \040 
20. 205. 101 \040 
20. 204. 101 \040 
21. 204. 101 \040 
21. 205. 101 \040 
21. 206. 101 \040 
21. 207. 101 \040 
21. 208. 101 \040 
21. 209. 101 \040 
21. 210. 101 \040 
21. 211. 101 \040 
21. 212. 101 \040 
21. 213. 101 \040 
21. 214. 101 \040 
21. 215. 101 \040 
22. 215. 101 \040 
22. 214. 101 \040 
22. 213. 101 \040 
22. 212. 101 \040 
22. 211. 101 \040 
22. 210. 101 \040 
22. 209. 101 \040 
22. 208. 101 \040 
22. 207. 101 \040 
22. 206. 101 \040 
22. 205. 101 \040 
22. 204. 101 \040 
23. 204. 101 \040 
23. 205. 101 \040 
23. 206. 101 \040 
23. 207. 101 \040 
23. 208. 101 \040 
23. 209. 101 \040 
23. 210. 101 \040 
23. 211. 101 \040 
23. 212. 101 \040 
23. 213. 101 \040 
23. 214. 101 \040 
23. 215. 101 \040 
24. 215. 101 \040 
24. 214. 101 \040 
24. 213. 101 \040 
24. 212. 101 \040 
24. 211. 101 \040 
24. 210. 101 \040 
24. 209. 101 \040 
24. 208. 101 \040 
24. 207. 101 \040 
24. 206. 101 \040 
24. 205. 101 \040 
24. 204. 101 \040 
25. 204. 101 \040 
25. 205. 101 \040 
25. 206. 101 \040 
25. 207. 101 \040 
25. 208. 101 \040 
25. 209. 101 \040 
25. 210. 101 \040 
25. 211. 101 \040 
25. 212. 101 \040 
25. 213. 101 \040 
25. 214. 101 \040 
25. 215. 101 \040 
26. 215. 101 \040 
26. 214. 101 \040 
26. 213. 101 \040 
26. 212. 101 \040 
26. 211. 101 \040 
26. 210. 101 \040 
26. 209. 101 \040 
26. 208. 101 \040 
26. 207. 101 \040 
26. 206. 101 \040 
26. 205. 101 \040 
26. 204. 101 \040 
27. 204. 101 \040 
27. 205. 101 \040 
27. 206. 101 \040 
27. 207. 101 \040 
27. 208. 101 \040 
27. 209. 101 \040 
27. 210. 101 \040 
27. 211. 101 \040 
27. 212. 101 \040 
27. 213. 101 \040 
27. 214. 101 \040 
27. 215. 101 \040 
28. 215. 101 \040 
28. 214. 101 \040 
28. 213. 101 \040 
28. 212. 101 \040 
28. 211. 101 \040 
28. 210. 101 \040 
28. 209. 101 \040 
28. 208. 101 \040 
28. 207. 101 \040 
28. 206. 101 \040 
28. 205. 101 \040 
28. 204. 101 \040 
29. 204. 101 \040 
29. 205. 101 \040 
29. 206. 101 \040 
29. 207. 101 \040 
29. 208. 101 \040 
29. 209. 101 \040 
29. 210. 101 \040 
29. 211. 101 \040 
29. 212. 101 \040 
29. 213. 101 \040 
29. 214. 101 \040 
30. 225. 201 \040 
30. 224. 201 \040 
30. 223. 201 \040 
30. 222. 201 \040 
30. 221. 201 \040 
30. 220. 201 \040 
30. 219. 201 \040 
31. 219. 201 \040 
31. 220. 201 \040 
31. 221. 201 \040 
31. 222. 201 \040 
31. 223. 201 \040 
31. 224. 201 \040 
31. 225. 201 \040 
32. 225. 201 \040 
32. 224. 201 \040 
32. 223. 201 \040 
32. 222. 201 \040 
32. 221. 201 \040 
32. 220. 201 \040 
33. 220. 201 \040 
33. 221. 201 \040 
33. 222. 201 \040 
33. 223. 201 \040 
33. 224. 201 \040 
33. 225. 201 \040 
34. 225. 201 \040 
34. 224. 201 \040 
34. 223. 201 \040 
34. 222. 201 \040 
34. 221. 201 \040 
34. 220. 201 \040 
35. 220. 201 \040 
35. 221. 201 \040 
35. 222. 201 \040 
35. 223. 201 \040 
35. 224. 201 \040 
35. 225. 201 \040 
36. 225. 201 \040 
36. 224. 201 \040 
36. 223. 201 \040 
36. 222. 201 \040 
36. 221. 201 \040 
36. 220. 201 \040 
32. 219. 101 \040 
33. 219. 101 \040 
34. 219. 101 \040 
35. 219. 101 \040 
36. 219. 101 \040 
