5  5  5
1e+02  2.5e+02  4e+02  1e+03  2.5e+03  
0.0005  0.001  0.004  0.01  0.025  
0.5  1  2  3  10  
40076.3  36363.6  35158.6  28217.4  23930.9  
41636.3  37775.1  35502.2  28575.8  24123.4  
43674.3  40266.2  38640.9  28851  24248.8  
43886.1  42483.8  39025  32762.7  24433.1  
41476.7  40821.9  42456.7  32578.5  22334.5  
40200.3  35644.2  29752.1  24078  67923.5  
42229.6  33138.9  29664.5  22989.1  70535.2  
40204.5  35745.1  31037.8  21702.8  64703.9  
41685.4  39725.6  34890.8  26759.7  60945.7  
44080.2  41401.3  43264  25787  48634  
38320.8  27785.2  26151.3  40709.9  309128  
37901.7  27924.5  26292  43680.3  351065  
39010.7  29178.8  27189.8  46874  328469  
43835.6  33661.3  29390.7  34876.6  312203  
44795.7  42254.1  32186.3  34911.4  263401  
35588.9  26581.2  27119.7  101653  903093  
39147.7  26236.6  27059.6  105618  857059  
39819.4  28133.9  27727.8  130647  855262  
40225.4  30568.1  31045.1  90804.2  764835  
44690.8  34358.1  29218.4  75550.9  965666  
34360.4  84710.4  267045  1.60813e+06  1.20802e+07  
37323.4  127161  267657  1.43888e+06  1.0361e+07  
40288.2  73152.7  236069  1.77367e+06  1.32313e+07  
34915.9  86660.4  189879  1.74607e+06  1.11343e+07  
40833.9  35989.2  100992  1.25055e+06  9.42367e+06  
